node_id             
--------------------
               67000
               67219
               67226
               67263
              108040
              108084
              108118
              108148
              109719
              109758
              109760
              109768
              123338
              123339
              123432
              123447
              123452
              123467
              123560
              123608
              123695
              123723
              123734
              123745
              123779
              123833
              123854
              123883
              123903
              123980

(30 rows affected)
